+---------------------------------------------------------------------------------------------------------------------------------------------------------------------------------------------------------------------------------------------------------------------+
; Legal Partition Candidates                                                                                                                                                                                                                                          ;
+----------------------------------------------------------------+-------+----------------+--------------+----------------+--------+-----------------+---------------+-----------------+-------+----------------+--------------+------------------+-------------------+
; Hierarchy                                                      ; Input ; Constant Input ; Unused Input ; Floating Input ; Output ; Constant Output ; Unused Output ; Floating Output ; Bidir ; Constant Bidir ; Unused Bidir ; Input only Bidir ; Output only Bidir ;
+----------------------------------------------------------------+-------+----------------+--------------+----------------+--------+-----------------+---------------+-----------------+-------+----------------+--------------+------------------+-------------------+
; inst10|inst|altsyncram_component|auto_generated                ; 26    ; 0              ; 0            ; 0              ; 15     ; 0               ; 0             ; 0               ; 0     ; 0              ; 0            ; 0                ; 0                 ;
; inst10|inst                                                    ; 26    ; 0              ; 0            ; 0              ; 15     ; 0               ; 0             ; 0               ; 0     ; 0              ; 0            ; 0                ; 0                 ;
; inst10|inst1|altsyncram_component|auto_generated               ; 9     ; 0              ; 0            ; 0              ; 15     ; 0               ; 0             ; 0               ; 0     ; 0              ; 0            ; 0                ; 0                 ;
; inst10|inst1                                                   ; 9     ; 0              ; 0            ; 0              ; 15     ; 0               ; 0             ; 0               ; 0     ; 0              ; 0            ; 0                ; 0                 ;
; inst10|inst5|lpm_mux_component|auto_generated                  ; 31    ; 0              ; 0            ; 0              ; 15     ; 0               ; 0             ; 0               ; 0     ; 0              ; 0            ; 0                ; 0                 ;
; inst10|inst5                                                   ; 31    ; 0              ; 0            ; 0              ; 15     ; 0               ; 0             ; 0               ; 0     ; 0              ; 0            ; 0                ; 0                 ;
; inst10|inst16                                                  ; 16    ; 0              ; 0            ; 0              ; 0      ; 0               ; 0             ; 0               ; 15    ; 0              ; 0            ; 0                ; 15                ;
; inst10                                                         ; 28    ; 9              ; 0            ; 9              ; 24     ; 9               ; 9             ; 9               ; 0     ; 0              ; 0            ; 0                ; 0                 ;
; inst12|inst8                                                   ; 16    ; 0              ; 0            ; 0              ; 0      ; 0               ; 0             ; 0               ; 15    ; 0              ; 0            ; 0                ; 0                 ;
; inst12|inst17                                                  ; 16    ; 0              ; 0            ; 0              ; 0      ; 0               ; 0             ; 0               ; 15    ; 0              ; 0            ; 0                ; 0                 ;
; inst12|inst5                                                   ; 16    ; 0              ; 0            ; 0              ; 0      ; 0               ; 0             ; 0               ; 15    ; 0              ; 0            ; 0                ; 0                 ;
; inst12|inst4                                                   ; 16    ; 0              ; 0            ; 0              ; 0      ; 0               ; 0             ; 0               ; 15    ; 0              ; 0            ; 0                ; 0                 ;
; inst12|inst1                                                   ; 19    ; 2              ; 0            ; 2              ; 15     ; 2               ; 2             ; 2               ; 0     ; 0              ; 0            ; 0                ; 0                 ;
; inst12|inst16|inst36                                           ; 17    ; 0              ; 0            ; 0              ; 15     ; 0               ; 0             ; 0               ; 0     ; 0              ; 0            ; 0                ; 0                 ;
; inst12|inst16|inst35                                           ; 16    ; 0              ; 0            ; 0              ; 0      ; 0               ; 0             ; 0               ; 15    ; 0              ; 0            ; 0                ; 0                 ;
; inst12|inst16|inst34                                           ; 17    ; 0              ; 0            ; 0              ; 15     ; 0               ; 0             ; 0               ; 0     ; 0              ; 0            ; 0                ; 0                 ;
; inst12|inst16|inst33                                           ; 16    ; 0              ; 0            ; 0              ; 0      ; 0               ; 0             ; 0               ; 15    ; 0              ; 0            ; 0                ; 0                 ;
; inst12|inst16|inst32                                           ; 17    ; 0              ; 0            ; 0              ; 15     ; 0               ; 0             ; 0               ; 0     ; 0              ; 0            ; 0                ; 0                 ;
; inst12|inst16|inst31                                           ; 16    ; 0              ; 0            ; 0              ; 0      ; 0               ; 0             ; 0               ; 15    ; 0              ; 0            ; 0                ; 0                 ;
; inst12|inst16|inst30                                           ; 17    ; 0              ; 0            ; 0              ; 15     ; 0               ; 0             ; 0               ; 0     ; 0              ; 0            ; 0                ; 0                 ;
; inst12|inst16|inst29                                           ; 16    ; 0              ; 0            ; 0              ; 0      ; 0               ; 0             ; 0               ; 15    ; 0              ; 0            ; 0                ; 0                 ;
; inst12|inst16|inst28                                           ; 17    ; 0              ; 0            ; 0              ; 15     ; 0               ; 0             ; 0               ; 0     ; 0              ; 0            ; 0                ; 0                 ;
; inst12|inst16|inst27                                           ; 16    ; 0              ; 0            ; 0              ; 0      ; 0               ; 0             ; 0               ; 15    ; 0              ; 0            ; 0                ; 0                 ;
; inst12|inst16|inst26                                           ; 17    ; 0              ; 0            ; 0              ; 15     ; 0               ; 0             ; 0               ; 0     ; 0              ; 0            ; 0                ; 0                 ;
; inst12|inst16|inst25                                           ; 16    ; 0              ; 0            ; 0              ; 0      ; 0               ; 0             ; 0               ; 15    ; 0              ; 0            ; 0                ; 0                 ;
; inst12|inst16|inst24                                           ; 17    ; 0              ; 0            ; 0              ; 15     ; 0               ; 0             ; 0               ; 0     ; 0              ; 0            ; 0                ; 0                 ;
; inst12|inst16|inst23                                           ; 16    ; 0              ; 0            ; 0              ; 0      ; 0               ; 0             ; 0               ; 15    ; 0              ; 0            ; 0                ; 0                 ;
; inst12|inst16|inst22                                           ; 17    ; 0              ; 0            ; 0              ; 15     ; 0               ; 0             ; 0               ; 0     ; 0              ; 0            ; 0                ; 0                 ;
; inst12|inst16|inst16                                           ; 16    ; 0              ; 0            ; 0              ; 0      ; 0               ; 0             ; 0               ; 15    ; 0              ; 0            ; 0                ; 0                 ;
; inst12|inst16|inst21                                           ; 17    ; 0              ; 0            ; 0              ; 15     ; 0               ; 0             ; 0               ; 0     ; 0              ; 0            ; 0                ; 0                 ;
; inst12|inst16|inst15                                           ; 15    ; 0              ; 0            ; 0              ; 0      ; 0               ; 0             ; 0               ; 15    ; 0              ; 0            ; 0                ; 0                 ;
; inst12|inst16|inst20                                           ; 17    ; 0              ; 0            ; 0              ; 15     ; 0               ; 0             ; 0               ; 0     ; 0              ; 0            ; 0                ; 0                 ;
; inst12|inst16|inst14                                           ; 16    ; 0              ; 0            ; 0              ; 0      ; 0               ; 0             ; 0               ; 15    ; 0              ; 0            ; 0                ; 0                 ;
; inst12|inst16|inst19                                           ; 17    ; 0              ; 0            ; 0              ; 15     ; 0               ; 0             ; 0               ; 0     ; 0              ; 0            ; 0                ; 0                 ;
; inst12|inst16|inst13                                           ; 16    ; 0              ; 0            ; 0              ; 0      ; 0               ; 0             ; 0               ; 15    ; 0              ; 0            ; 0                ; 0                 ;
; inst12|inst16|inst18                                           ; 17    ; 0              ; 0            ; 0              ; 15     ; 0               ; 0             ; 0               ; 0     ; 0              ; 0            ; 0                ; 0                 ;
; inst12|inst16|inst12                                           ; 16    ; 0              ; 0            ; 0              ; 0      ; 0               ; 0             ; 0               ; 15    ; 0              ; 0            ; 0                ; 0                 ;
; inst12|inst16|inst17                                           ; 17    ; 0              ; 0            ; 0              ; 15     ; 0               ; 0             ; 0               ; 0     ; 0              ; 0            ; 0                ; 0                 ;
; inst12|inst16|inst5|lpm_decode_component|auto_generated        ; 4     ; 0              ; 0            ; 0              ; 16     ; 0               ; 0             ; 0               ; 0     ; 0              ; 0            ; 0                ; 0                 ;
; inst12|inst16|inst5                                            ; 4     ; 3              ; 0            ; 3              ; 16     ; 3               ; 3             ; 3               ; 0     ; 0              ; 0            ; 0                ; 0                 ;
; inst12|inst16|inst11                                           ; 16    ; 0              ; 0            ; 0              ; 0      ; 0               ; 0             ; 0               ; 15    ; 0              ; 0            ; 0                ; 0                 ;
; inst12|inst16|inst7|lpm_counter_component|auto_generated|cmpr2 ; 8     ; 0              ; 0            ; 0              ; 1      ; 0               ; 0             ; 0               ; 0     ; 0              ; 0            ; 0                ; 0                 ;
; inst12|inst16|inst7|lpm_counter_component|auto_generated       ; 3     ; 0              ; 0            ; 0              ; 5      ; 0               ; 0             ; 0               ; 0     ; 0              ; 0            ; 0                ; 0                 ;
; inst12|inst16|inst7                                            ; 3     ; 0              ; 0            ; 0              ; 5      ; 0               ; 0             ; 0               ; 0     ; 0              ; 0            ; 0                ; 0                 ;
; inst12|inst16                                                  ; 19    ; 5              ; 1            ; 5              ; 216    ; 5               ; 5             ; 5               ; 0     ; 0              ; 0            ; 0                ; 0                 ;
; inst12|inst7|inst8|lpm_clshift_component|auto_generated        ; 20    ; 0              ; 0            ; 0              ; 15     ; 0               ; 0             ; 0               ; 0     ; 0              ; 0            ; 0                ; 0                 ;
; inst12|inst7|inst8                                             ; 19    ; 0              ; 0            ; 0              ; 15     ; 0               ; 0             ; 0               ; 0     ; 0              ; 0            ; 0                ; 0                 ;
; inst12|inst7|inst9                                             ; 16    ; 0              ; 0            ; 0              ; 0      ; 0               ; 0             ; 0               ; 15    ; 0              ; 0            ; 0                ; 0                 ;
; inst12|inst7|inst12                                            ; 16    ; 0              ; 0            ; 0              ; 0      ; 0               ; 0             ; 0               ; 15    ; 0              ; 0            ; 0                ; 0                 ;
; inst12|inst7|inst11                                            ; 16    ; 0              ; 0            ; 0              ; 0      ; 0               ; 0             ; 0               ; 15    ; 0              ; 0            ; 0                ; 0                 ;
; inst12|inst7|inst7|lpm_add_sub_component|auto_generated        ; 30    ; 0              ; 0            ; 0              ; 15     ; 0               ; 0             ; 0               ; 0     ; 0              ; 0            ; 0                ; 0                 ;
; inst12|inst7|inst7                                             ; 30    ; 0              ; 0            ; 0              ; 15     ; 0               ; 0             ; 0               ; 0     ; 0              ; 0            ; 0                ; 0                 ;
; inst12|inst7|inst10                                            ; 16    ; 0              ; 0            ; 0              ; 0      ; 0               ; 0             ; 0               ; 15    ; 0              ; 0            ; 0                ; 0                 ;
; inst12|inst7|inst13|lpm_compare_component|auto_generated       ; 15    ; 0              ; 0            ; 0              ; 1      ; 0               ; 0             ; 0               ; 0     ; 0              ; 0            ; 0                ; 0                 ;
; inst12|inst7|inst13                                            ; 15    ; 0              ; 0            ; 0              ; 1      ; 0               ; 0             ; 0               ; 0     ; 0              ; 0            ; 0                ; 0                 ;
; inst12|inst7                                                   ; 34    ; 0              ; 0            ; 0              ; 16     ; 0               ; 0             ; 0               ; 0     ; 0              ; 0            ; 0                ; 0                 ;
; inst12|inst13|lpm_decode_component|auto_generated              ; 6     ; 0              ; 0            ; 0              ; 64     ; 0               ; 0             ; 0               ; 0     ; 0              ; 0            ; 0                ; 0                 ;
; inst12|inst13                                                  ; 6     ; 4              ; 0            ; 4              ; 17     ; 4               ; 4             ; 4               ; 0     ; 0              ; 0            ; 0                ; 0                 ;
; inst12                                                         ; 38    ; 0              ; 0            ; 0              ; 213    ; 0               ; 0             ; 0               ; 0     ; 0              ; 0            ; 0                ; 0                 ;
; inst13|inst6                                                   ; 5     ; 0              ; 0            ; 0              ; 0      ; 0               ; 0             ; 0               ; 4     ; 0              ; 0            ; 0                ; 4                 ;
; inst13|inst14                                                  ; 16    ; 0              ; 0            ; 0              ; 0      ; 0               ; 0             ; 0               ; 15    ; 0              ; 0            ; 0                ; 15                ;
; inst13|inst5                                                   ; 10    ; 0              ; 0            ; 0              ; 0      ; 0               ; 0             ; 0               ; 9     ; 0              ; 0            ; 0                ; 9                 ;
; inst13|inst15                                                  ; 12    ; 0              ; 0            ; 0              ; 0      ; 0               ; 0             ; 0               ; 11    ; 0              ; 0            ; 0                ; 11                ;
; inst13|inst4|lpm_counter_component|auto_generated              ; 3     ; 0              ; 0            ; 0              ; 2      ; 0               ; 0             ; 0               ; 0     ; 0              ; 0            ; 0                ; 0                 ;
; inst13|inst4                                                   ; 3     ; 1              ; 0            ; 1              ; 2      ; 1               ; 1             ; 1               ; 0     ; 0              ; 0            ; 0                ; 0                 ;
; inst13|inst24|lpm_decode_component|auto_generated              ; 2     ; 0              ; 0            ; 0              ; 4      ; 0               ; 0             ; 0               ; 0     ; 0              ; 0            ; 0                ; 0                 ;
; inst13|inst24                                                  ; 2     ; 0              ; 0            ; 0              ; 4      ; 0               ; 0             ; 0               ; 0     ; 0              ; 0            ; 0                ; 0                 ;
; inst13                                                         ; 29    ; 0              ; 0            ; 0              ; 41     ; 0               ; 0             ; 0               ; 0     ; 0              ; 0            ; 0                ; 0                 ;
; inst6|inst1                                                    ; 19    ; 2              ; 0            ; 2              ; 15     ; 2               ; 2             ; 2               ; 0     ; 0              ; 0            ; 0                ; 0                 ;
; inst6|inst                                                     ; 19    ; 2              ; 0            ; 2              ; 15     ; 2               ; 2             ; 2               ; 0     ; 0              ; 0            ; 0                ; 0                 ;
; inst6                                                          ; 32    ; 0              ; 0            ; 0              ; 30     ; 0               ; 0             ; 0               ; 0     ; 0              ; 0            ; 0                ; 0                 ;
; inst3|inst13|lpm_decode_component|auto_generated               ; 6     ; 0              ; 0            ; 0              ; 64     ; 0               ; 0             ; 0               ; 0     ; 0              ; 0            ; 0                ; 0                 ;
; inst3|inst13                                                   ; 6     ; 2              ; 0            ; 2              ; 17     ; 2               ; 2             ; 2               ; 0     ; 0              ; 0            ; 0                ; 0                 ;
; inst3                                                          ; 30    ; 0              ; 11           ; 0              ; 34     ; 0               ; 0             ; 0               ; 0     ; 0              ; 0            ; 0                ; 0                 ;
; inst9|inst28                                                   ; 19    ; 2              ; 0            ; 2              ; 15     ; 2               ; 2             ; 2               ; 0     ; 0              ; 0            ; 0                ; 0                 ;
; inst9|inst32                                                   ; 16    ; 0              ; 0            ; 0              ; 0      ; 0               ; 0             ; 0               ; 15    ; 0              ; 0            ; 0                ; 15                ;
; inst9|inst2                                                    ; 10    ; 0              ; 0            ; 0              ; 0      ; 0               ; 0             ; 0               ; 9     ; 0              ; 0            ; 0                ; 0                 ;
; inst9|inst12                                                   ; 0     ; 0              ; 0            ; 0              ; 5      ; 0               ; 0             ; 0               ; 0     ; 0              ; 0            ; 0                ; 0                 ;
; inst9|inst9                                                    ; 10    ; 0              ; 0            ; 0              ; 0      ; 0               ; 0             ; 0               ; 9     ; 0              ; 0            ; 0                ; 0                 ;
; inst9|inst8                                                    ; 0     ; 0              ; 0            ; 0              ; 5      ; 0               ; 0             ; 0               ; 0     ; 0              ; 0            ; 0                ; 0                 ;
; inst9|inst5                                                    ; 10    ; 0              ; 0            ; 0              ; 0      ; 0               ; 0             ; 0               ; 9     ; 0              ; 0            ; 0                ; 0                 ;
; inst9|inst44|lpm_mux_component|auto_generated                  ; 9     ; 0              ; 0            ; 0              ; 4      ; 0               ; 0             ; 0               ; 0     ; 0              ; 0            ; 0                ; 0                 ;
; inst9|inst44                                                   ; 9     ; 0              ; 0            ; 0              ; 4      ; 0               ; 0             ; 0               ; 0     ; 0              ; 0            ; 0                ; 0                 ;
; inst9|inst3                                                    ; 5     ; 0              ; 0            ; 0              ; 0      ; 0               ; 0             ; 0               ; 4     ; 0              ; 0            ; 0                ; 4                 ;
; inst9|inst1                                                    ; 10    ; 0              ; 0            ; 0              ; 0      ; 0               ; 0             ; 0               ; 9     ; 0              ; 0            ; 0                ; 9                 ;
; inst9|inst27                                                   ; 19    ; 2              ; 0            ; 2              ; 15     ; 2               ; 2             ; 2               ; 0     ; 0              ; 0            ; 0                ; 0                 ;
; inst9|inst31                                                   ; 16    ; 0              ; 0            ; 0              ; 0      ; 0               ; 0             ; 0               ; 15    ; 0              ; 0            ; 0                ; 15                ;
; inst9|inst39                                                   ; 12    ; 0              ; 0            ; 0              ; 0      ; 0               ; 0             ; 0               ; 11    ; 0              ; 0            ; 0                ; 11                ;
; inst9|inst26|lpm_counter_component|auto_generated|cmpr2        ; 6     ; 0              ; 0            ; 0              ; 1      ; 0               ; 0             ; 0               ; 0     ; 0              ; 0            ; 0                ; 0                 ;
; inst9|inst26|lpm_counter_component|auto_generated              ; 2     ; 0              ; 0            ; 0              ; 3      ; 0               ; 0             ; 0               ; 0     ; 0              ; 0            ; 0                ; 0                 ;
; inst9|inst26                                                   ; 2     ; 0              ; 0            ; 0              ; 3      ; 0               ; 0             ; 0               ; 0     ; 0              ; 0            ; 0                ; 0                 ;
; inst9|inst25|lpm_decode_component|auto_generated               ; 3     ; 0              ; 0            ; 0              ; 8      ; 0               ; 0             ; 0               ; 0     ; 0              ; 0            ; 0                ; 0                 ;
; inst9|inst25                                                   ; 3     ; 3              ; 0            ; 3              ; 8      ; 3               ; 3             ; 3               ; 0     ; 0              ; 0            ; 0                ; 0                 ;
; inst9                                                          ; 45    ; 4              ; 2            ; 4              ; 72     ; 4               ; 4             ; 4               ; 0     ; 0              ; 0            ; 0                ; 0                 ;
; inst11|inst20                                                  ; 17    ; 0              ; 0            ; 0              ; 15     ; 0               ; 0             ; 0               ; 0     ; 0              ; 0            ; 0                ; 0                 ;
; inst11|inst33                                                  ; 16    ; 0              ; 0            ; 0              ; 0      ; 0               ; 0             ; 0               ; 15    ; 0              ; 0            ; 0                ; 0                 ;
; inst11|inst19                                                  ; 17    ; 0              ; 0            ; 0              ; 15     ; 0               ; 0             ; 0               ; 0     ; 0              ; 0            ; 0                ; 0                 ;
; inst11|inst32                                                  ; 16    ; 0              ; 0            ; 0              ; 0      ; 0               ; 0             ; 0               ; 15    ; 0              ; 0            ; 0                ; 0                 ;
; inst11|inst18                                                  ; 17    ; 0              ; 0            ; 0              ; 15     ; 0               ; 0             ; 0               ; 0     ; 0              ; 0            ; 0                ; 0                 ;
; inst11|inst31                                                  ; 16    ; 0              ; 0            ; 0              ; 0      ; 0               ; 0             ; 0               ; 15    ; 0              ; 0            ; 0                ; 0                 ;
; inst11|inst17                                                  ; 17    ; 0              ; 0            ; 0              ; 15     ; 0               ; 0             ; 0               ; 0     ; 0              ; 0            ; 0                ; 0                 ;
; inst11|inst30                                                  ; 16    ; 0              ; 0            ; 0              ; 0      ; 0               ; 0             ; 0               ; 15    ; 0              ; 0            ; 0                ; 0                 ;
; inst11|inst16                                                  ; 17    ; 0              ; 0            ; 0              ; 15     ; 0               ; 0             ; 0               ; 0     ; 0              ; 0            ; 0                ; 0                 ;
; inst11|inst29                                                  ; 16    ; 0              ; 0            ; 0              ; 0      ; 0               ; 0             ; 0               ; 15    ; 0              ; 0            ; 0                ; 0                 ;
; inst11|inst15                                                  ; 17    ; 0              ; 0            ; 0              ; 15     ; 0               ; 0             ; 0               ; 0     ; 0              ; 0            ; 0                ; 0                 ;
; inst11|inst28                                                  ; 16    ; 0              ; 0            ; 0              ; 0      ; 0               ; 0             ; 0               ; 15    ; 0              ; 0            ; 0                ; 0                 ;
; inst11|inst14                                                  ; 17    ; 0              ; 0            ; 0              ; 15     ; 0               ; 0             ; 0               ; 0     ; 0              ; 0            ; 0                ; 0                 ;
; inst11|inst27                                                  ; 16    ; 0              ; 0            ; 0              ; 0      ; 0               ; 0             ; 0               ; 15    ; 0              ; 0            ; 0                ; 0                 ;
; inst11|inst13                                                  ; 17    ; 0              ; 0            ; 0              ; 15     ; 0               ; 0             ; 0               ; 0     ; 0              ; 0            ; 0                ; 0                 ;
; inst11|inst26                                                  ; 16    ; 0              ; 0            ; 0              ; 0      ; 0               ; 0             ; 0               ; 15    ; 0              ; 0            ; 0                ; 0                 ;
; inst11|inst8                                                   ; 17    ; 0              ; 0            ; 0              ; 15     ; 0               ; 0             ; 0               ; 0     ; 0              ; 0            ; 0                ; 0                 ;
; inst11|inst39                                                  ; 16    ; 0              ; 0            ; 0              ; 0      ; 0               ; 0             ; 0               ; 15    ; 0              ; 0            ; 0                ; 0                 ;
; inst11|inst9                                                   ; 17    ; 0              ; 0            ; 0              ; 15     ; 0               ; 0             ; 0               ; 0     ; 0              ; 0            ; 0                ; 0                 ;
; inst11|inst37                                                  ; 16    ; 0              ; 0            ; 0              ; 0      ; 0               ; 0             ; 0               ; 15    ; 0              ; 0            ; 0                ; 0                 ;
; inst11|inst10                                                  ; 17    ; 0              ; 0            ; 0              ; 15     ; 0               ; 0             ; 0               ; 0     ; 0              ; 0            ; 0                ; 0                 ;
; inst11|inst35                                                  ; 16    ; 0              ; 0            ; 0              ; 0      ; 0               ; 0             ; 0               ; 15    ; 0              ; 0            ; 0                ; 0                 ;
; inst11|inst11                                                  ; 17    ; 0              ; 0            ; 0              ; 15     ; 0               ; 0             ; 0               ; 0     ; 0              ; 0            ; 0                ; 0                 ;
; inst11|inst|lpm_decode_component|auto_generated                ; 4     ; 0              ; 0            ; 0              ; 16     ; 0               ; 0             ; 0               ; 0     ; 0              ; 0            ; 0                ; 0                 ;
; inst11|inst                                                    ; 4     ; 0              ; 0            ; 0              ; 12     ; 0               ; 0             ; 0               ; 0     ; 0              ; 0            ; 0                ; 0                 ;
; inst11|inst25                                                  ; 16    ; 0              ; 0            ; 0              ; 0      ; 0               ; 0             ; 0               ; 15    ; 0              ; 0            ; 0                ; 0                 ;
; inst11                                                         ; 22    ; 0              ; 0            ; 0              ; 195    ; 0               ; 0             ; 0               ; 0     ; 0              ; 0            ; 0                ; 0                 ;
; inst|inst3                                                     ; 12    ; 0              ; 0            ; 0              ; 0      ; 0               ; 0             ; 0               ; 11    ; 0              ; 0            ; 0                ; 11                ;
; inst                                                           ; 10    ; 3              ; 0            ; 3              ; 17     ; 3               ; 3             ; 3               ; 0     ; 0              ; 0            ; 0                ; 0                 ;
; inst2|inst4                                                    ; 20    ; 3              ; 0            ; 3              ; 15     ; 3               ; 3             ; 3               ; 0     ; 0              ; 0            ; 0                ; 0                 ;
; inst2|inst3                                                    ; 20    ; 3              ; 0            ; 3              ; 15     ; 3               ; 3             ; 3               ; 0     ; 0              ; 0            ; 0                ; 0                 ;
; inst2|inst|lpm_counter_component|auto_generated|cmpr2          ; 18    ; 0              ; 0            ; 0              ; 1      ; 0               ; 0             ; 0               ; 0     ; 0              ; 0            ; 0                ; 0                 ;
; inst2|inst|lpm_counter_component|auto_generated                ; 13    ; 0              ; 0            ; 0              ; 9      ; 0               ; 0             ; 0               ; 0     ; 0              ; 0            ; 0                ; 0                 ;
; inst2|inst                                                     ; 4     ; 2              ; 0            ; 2              ; 9      ; 2               ; 2             ; 2               ; 0     ; 0              ; 0            ; 0                ; 0                 ;
; inst2|inst5                                                    ; 10    ; 0              ; 0            ; 0              ; 0      ; 0               ; 0             ; 0               ; 9     ; 0              ; 0            ; 0                ; 9                 ;
; inst2|inst8|inst|lpm_counter_component|auto_generated          ; 3     ; 0              ; 0            ; 0              ; 4      ; 0               ; 0             ; 0               ; 0     ; 0              ; 0            ; 0                ; 0                 ;
; inst2|inst8|inst                                               ; 3     ; 1              ; 0            ; 1              ; 4      ; 1               ; 1             ; 1               ; 0     ; 0              ; 0            ; 0                ; 0                 ;
; inst2|inst8|inst2|lpm_decode_component|auto_generated          ; 4     ; 0              ; 0            ; 0              ; 16     ; 0               ; 0             ; 0               ; 0     ; 0              ; 0            ; 0                ; 0                 ;
; inst2|inst8|inst2                                              ; 4     ; 0              ; 0            ; 0              ; 16     ; 0               ; 0             ; 0               ; 0     ; 0              ; 0            ; 0                ; 0                 ;
; inst2|inst8                                                    ; 2     ; 0              ; 0            ; 0              ; 16     ; 0               ; 0             ; 0               ; 0     ; 0              ; 0            ; 0                ; 0                 ;
; inst2                                                          ; 18    ; 0              ; 0            ; 0              ; 41     ; 0               ; 0             ; 0               ; 0     ; 0              ; 0            ; 0                ; 0                 ;
; inst1|inst1                                                    ; 19    ; 2              ; 0            ; 2              ; 15     ; 2               ; 2             ; 2               ; 0     ; 0              ; 0            ; 0                ; 0                 ;
; inst1|inst7                                                    ; 13    ; 2              ; 0            ; 2              ; 9      ; 2               ; 2             ; 2               ; 0     ; 0              ; 0            ; 0                ; 0                 ;
; inst1|inst                                                     ; 19    ; 2              ; 0            ; 2              ; 15     ; 2               ; 2             ; 2               ; 0     ; 0              ; 0            ; 0                ; 0                 ;
; inst1                                                          ; 44    ; 0              ; 0            ; 0              ; 42     ; 0               ; 0             ; 0               ; 0     ; 0              ; 0            ; 0                ; 0                 ;
+----------------------------------------------------------------+-------+----------------+--------------+----------------+--------+-----------------+---------------+-----------------+-------+----------------+--------------+------------------+-------------------+
